RUNNING THE L-BFGS-B CODE

it    = iteration number
nf    = number of function evaluations
nseg  = number of segments explored during the Cauchy search
nact  = number of active bounds at the generalized Cauchy point
sub   = manner in which the subspace minimization terminated:
        con = converged, bnd = a bound was reached
itls  = number of iterations performed in the line search
stepl = step length used
tstep = norm of the displacement (total step)
projg = norm of the projected gradient
f     = function value

           * * *

Machine precision = 2.220D-16
 N =        18438     M =           10

   it   nf  nseg  nact  sub  itls  stepl    tstep     projg        f
    0    1     -     -   -     -     -        -     6.882D+01  3.576D+04
    1    3  4796 11068  ---    1  3.4D-02  3.2D+01  1.287D+02  2.271D+04
    2    4  4147 10190  bnd    0  1.0D+00  2.0D+01  2.835D+02  8.050D+03
    3    5   277  4277  bnd    0  1.0D+00  6.7D+00  6.757D+01  5.928D+03
    4    6     4  3900  bnd    0  1.0D+00  2.3D+00  5.292D+01  5.371D+03
    5    8   829  4544  bnd    1  5.0D-01  2.4D+00  2.280D+01  4.678D+03
    6   10  1367  4573  bnd    1  3.3D-01  1.1D+00  1.615D+01  4.411D+03
    7   12  1123  4095  bnd    1  3.3D-01  1.0D+00  1.467D+01  4.211D+03
    8   14  1057  3803  bnd    1  3.6D-01  1.4D+00  2.173D+01  3.991D+03
    9   15  1037  3562  bnd    0  1.0D+00  4.6D+00  3.462D+01  3.686D+03
   10   16     9  3309  bnd    0  1.0D+00  2.3D+00  3.289D+01  3.584D+03
   11   17     5  2856  bnd    0  1.0D+00  1.6D+00  2.150D+01  3.510D+03
   12   18    79  2949  bnd    0  1.0D+00  8.3D-01  1.758D+01  3.460D+03
   13   19   267  3142  bnd    0  1.0D+00  1.8D+00  1.113D+01  3.356D+03
   14   20     4  2744  bnd    0  1.0D+00  1.0D+00  1.469D+01  3.325D+03
   15   21     1  2719  bnd    0  1.0D+00  3.4D-01  1.425D+01  3.307D+03
   16   22    18  2753  bnd    0  1.0D+00  7.1D-01  1.219D+01  3.252D+03
   17   23    19  2763  bnd    0  1.0D+00  5.4D-01  1.604D+01  3.223D+03
   18   24    13  2794  bnd    0  1.0D+00  4.6D-01  1.572D+01  3.202D+03
   19   25    46  2820  bnd    0  1.0D+00  1.2D+00  1.472D+01  3.158D+03
   20   26     9  2760  bnd    0  1.0D+00  7.1D-01  1.470D+01  3.127D+03
   21   27    12  2740  bnd    0  1.0D+00  4.9D-01  1.370D+01  3.100D+03
   22   28    15  2711  bnd    0  1.0D+00  7.0D-01  1.227D+01  3.071D+03
   23   29    17  2647  bnd    0  1.0D+00  5.2D-01  1.137D+01  3.047D+03
   24   30    11  2618  bnd    0  1.0D+00  4.6D-01  1.110D+01  3.025D+03
   25   31    12  2586  bnd    0  1.0D+00  8.7D-01  1.160D+01  2.998D+03
   26   32     9  2493  bnd    0  1.0D+00  7.5D-01  1.180D+01  2.980D+03
   27   33    12  2444  bnd    0  1.0D+00  4.9D-01  1.102D+01  2.961D+03
   28   34    14  2435  bnd    0  1.0D+00  1.1D+00  1.040D+01  2.927D+03
   29   35    12  2405  bnd    0  1.0D+00  5.2D-01  1.299D+01  2.903D+03
   30   36    19  2415  bnd    0  1.0D+00  1.9D-01  1.251D+01  2.883D+03
   31   37    26  2437  bnd    0  1.0D+00  3.9D-01  1.757D+01  2.861D+03
   32   38    10  2440  bnd    0  1.0D+00  7.8D-01  2.148D+01  2.834D+03
   33   39    14  2465  bnd    0  1.0D+00  1.1D+00  2.193D+01  2.811D+03
   34   40    21  2498  bnd    0  1.0D+00  9.7D-01  2.046D+01  2.789D+03
   35   41    21  2524  bnd    0  1.0D+00  1.0D+00  1.457D+01  2.764D+03
   36   42     7  2538  bnd    0  1.0D+00  9.4D-01  8.707D+00  2.739D+03
   37   43     8  2534  bnd    0  1.0D+00  3.5D-01  8.770D+00  2.718D+03
   38   44     7  2522  bnd    0  1.0D+00  3.1D-01  8.705D+00  2.699D+03
   39   45    20  2513  bnd    0  1.0D+00  5.1D-01  1.250D+01  2.679D+03
   40   46     5  2490  bnd    0  1.0D+00  8.7D-01  1.845D+01  2.658D+03
   41   47     7  2463  bnd    0  1.0D+00  5.9D-01  2.059D+01  2.645D+03
   42   48     1  2439  bnd    0  1.0D+00  6.0D-01  2.164D+01  2.630D+03
   43   49     8  2404  bnd    0  1.0D+00  9.2D-01  2.146D+01  2.610D+03
   44   50     7  2349  bnd    0  1.0D+00  3.8D-01  1.931D+01  2.592D+03
   45   51     6  2326  bnd    0  1.0D+00  3.0D-01  1.692D+01  2.577D+03
   46   52    13  2336  bnd    0  1.0D+00  4.8D-01  1.270D+01  2.558D+03
   47   53    21  2344  bnd    0  1.0D+00  5.2D-01  8.446D+00  2.540D+03
   48   54    14  2355  bnd    0  1.0D+00  7.0D-01  8.049D+00  2.521D+03
   49   55     6  2363  bnd    0  1.0D+00  7.2D-01  8.649D+00  2.504D+03
   50   56     6  2376  bnd    0  1.0D+00  2.1D-01  8.653D+00  2.494D+03
   51   57    11  2389  bnd    0  1.0D+00  3.6D-01  1.594D+01  2.480D+03
   52   58    10  2403  bnd    0  1.0D+00  4.0D-01  2.021D+01  2.467D+03
   53   59     5  2422  bnd    0  1.0D+00  4.7D-01  2.153D+01  2.453D+03
   54   60     8  2448  bnd    0  1.0D+00  6.5D-01  1.949D+01  2.437D+03
   55   61     4  2460  bnd    0  1.0D+00  9.2D-01  1.411D+01  2.421D+03
   56   62     3  2455  bnd    0  1.0D+00  4.9D-01  1.042D+01  2.411D+03
   57   63     7  2462  bnd    0  1.0D+00  4.1D-01  6.553D+00  2.400D+03
   58   64     7  2468  bnd    0  1.0D+00  4.5D-01  6.413D+00  2.391D+03
   59   65     5  2467  bnd    0  1.0D+00  2.7D-01  6.140D+00  2.382D+03
   60   66     5  2479  bnd    0  1.0D+00  2.8D-01  5.833D+00  2.374D+03
   61   67     5  2486  bnd    0  1.0D+00  3.5D-01  8.618D+00  2.365D+03
   62   68     3  2478  bnd    0  1.0D+00  3.5D-01  8.620D+00  2.356D+03
   63   69     2  2464  bnd    0  1.0D+00  4.7D-01  1.098D+01  2.347D+03
   64   70     4  2436  bnd    0  1.0D+00  5.5D-01  1.280D+01  2.338D+03
   65   71     6  2421  bnd    0  1.0D+00  3.7D-01  1.340D+01  2.329D+03
   66   72     9  2432  bnd    0  1.0D+00  3.0D-01  1.255D+01  2.321D+03
   67   73     4  2429  bnd    0  1.0D+00  4.9D-01  9.604D+00  2.309D+03
   68   74     4  2427  bnd    0  1.0D+00  4.4D-01  7.286D+00  2.300D+03
   69   75     5  2422  bnd    0  1.0D+00  4.4D-01  5.770D+00  2.290D+03
   70   76     3  2415  bnd    0  1.0D+00  7.5D-01  6.302D+00  2.275D+03
   71   77     1  2418  bnd    0  1.0D+00  8.5D-01  8.273D+00  2.261D+03
   72   78     2  2409  bnd    0  1.0D+00  7.9D-01  9.772D+00  2.249D+03
   73   79     3  2399  bnd    0  1.0D+00  5.2D-01  1.012D+01  2.240D+03
   74   80     3  2399  bnd    0  1.0D+00  8.3D-01  9.366D+00  2.226D+03
   75   81     7  2403  bnd    0  1.0D+00  9.4D-01  8.261D+00  2.211D+03
   76   82     7  2418  bnd    0  1.0D+00  4.6D-01  8.569D+00  2.200D+03
   77   83     9  2416  bnd    0  1.0D+00  4.1D-01  8.567D+00  2.190D+03
   78   84    12  2433  bnd    0  1.0D+00  8.2D-01  8.555D+00  2.178D+03
   79   85     4  2434  bnd    0  1.0D+00  6.5D-01  7.661D+00  2.168D+03
   80   86     2  2427  bnd    0  1.0D+00  5.8D-01  8.429D+00  2.163D+03
   81   87    14  2432  bnd    0  1.0D+00  9.6D-01  9.082D+00  2.152D+03
   82   88     9  2426  bnd    0  1.0D+00  5.6D-01  8.497D+00  2.144D+03
   83   89     3  2436  bnd    0  1.0D+00  2.7D-01  6.997D+00  2.136D+03
   84   90     1  2440  bnd    0  1.0D+00  2.8D-01  4.987D+00  2.130D+03
   85   91     1  2446  bnd    0  1.0D+00  1.6D-01  4.841D+00  2.125D+03
   86   92     2  2450  bnd    0  1.0D+00  1.9D-01  4.777D+00  2.121D+03
   87   93     3  2454  bnd    0  1.0D+00  4.0D-01  4.574D+00  2.116D+03
   88   94     7  2467  bnd    0  1.0D+00  5.2D-01  4.206D+00  2.110D+03
   89   95     3  2472  bnd    0  1.0D+00  4.7D-01  5.259D+00  2.106D+03
   90   96     3  2485  bnd    0  1.0D+00  3.8D-01  7.739D+00  2.100D+03
   91   97     1  2476  bnd    0  1.0D+00  2.1D-01  9.604D+00  2.095D+03
   92   98     2  2461  bnd    0  1.0D+00  2.4D-01  1.096D+01  2.090D+03
   93   99     2  2460  bnd    0  1.0D+00  2.7D-01  1.178D+01  2.084D+03
   94  100     2  2455  bnd    0  1.0D+00  5.7D-01  1.292D+01  2.077D+03
   95  101     2  2453  bnd    0  1.0D+00  2.7D-01  1.256D+01  2.071D+03
   96  102     2  2459  bnd    0  1.0D+00  2.3D-01  1.078D+01  2.066D+03
   97  103     2  2458  bnd    0  1.0D+00  3.3D-01  7.533D+00  2.058D+03
   98  104     7  2447  bnd    0  1.0D+00  4.7D-01  5.611D+00  2.052D+03
   99  105     1  2430  bnd    0  1.0D+00  4.3D-01  5.460D+00  2.048D+03
  100  106     5  2427  bnd    0  1.0D+00  6.9D-01  5.607D+00  2.042D+03
  101  107     4  2421  bnd    0  1.0D+00  6.6D-01  5.551D+00  2.035D+03
  102  108     1  2414  bnd    0  1.0D+00  6.4D-01  5.689D+00  2.027D+03
  103  109     4  2423  bnd    0  1.0D+00  2.0D-01  6.884D+00  2.021D+03
  104  110     3  2425  bnd    0  1.0D+00  2.3D-01  9.259D+00  2.016D+03
  105  111     5  2422  bnd    0  1.0D+00  2.7D-01  1.112D+01  2.009D+03
  106  112     2  2420  bnd    0  1.0D+00  3.2D-01  1.175D+01  2.004D+03
  107  113     2  2418  bnd    0  1.0D+00  4.9D-01  1.046D+01  1.998D+03
  108  114     7  2421  bnd    0  1.0D+00  8.5D-01  7.196D+00  1.991D+03
  109  115     6  2428  bnd    0  1.0D+00  4.4D-01  4.973D+00  1.985D+03
  110  116     8  2431  bnd    0  1.0D+00  5.2D-01  4.973D+00  1.980D+03
  111  117     7  2426  bnd    0  1.0D+00  8.0D-01  4.971D+00  1.974D+03
  112  118    12  2430  bnd    0  1.0D+00  7.0D-01  4.970D+00  1.967D+03
  113  119     2  2425  bnd    0  1.0D+00  9.1D-01  5.168D+00  1.960D+03
  114  120     2  2409  bnd    0  1.0D+00  6.6D-01  5.556D+00  1.952D+03
  115  121     3  2401  bnd    0  1.0D+00  4.3D-01  5.476D+00  1.946D+03
  116  122     2  2376  bnd    0  1.0D+00  7.3D-01  5.196D+00  1.940D+03
  117  123     6  2356  bnd    0  1.0D+00  5.1D-01  4.953D+00  1.935D+03
  118  124     5  2361  bnd    0  1.0D+00  5.7D-01  5.139D+00  1.928D+03
  119  125     3  2363  bnd    0  1.0D+00  8.9D-01  4.231D+00  1.922D+03
  120  126     6  2356  bnd    0  1.0D+00  2.7D-01  4.257D+00  1.917D+03
  121  127     5  2355  bnd    0  1.0D+00  3.2D-01  4.301D+00  1.913D+03
  122  128     9  2352  bnd    0  1.0D+00  8.1D-01  4.672D+00  1.904D+03
  123  129     6  2346  bnd    0  1.0D+00  3.6D-01  4.873D+00  1.898D+03
  124  130     2  2338  bnd    0  1.0D+00  4.1D-01  5.010D+00  1.894D+03
  125  131     2  2340  bnd    0  1.0D+00  9.6D-01  5.079D+00  1.884D+03
  126  132     3  2336  bnd    0  1.0D+00  6.1D-01  5.063D+00  1.877D+03
  127  133     3  2340  bnd    0  1.0D+00  2.1D-01  5.468D+00  1.871D+03
  128  134     4  2347  bnd    0  1.0D+00  1.5D-01  5.284D+00  1.866D+03
  129  135     5  2348  bnd    0  1.0D+00  2.4D-01  4.969D+00  1.860D+03
  130  136     3  2337  bnd    0  1.0D+00  3.1D-01  5.270D+00  1.856D+03
  131  137     6  2339  bnd    0  1.0D+00  4.8D-01  5.938D+00  1.852D+03
  132  138     7  2338  bnd    0  1.0D+00  7.7D-01  6.791D+00  1.847D+03
  133  139     1  2327  bnd    0  1.0D+00  1.3D-01  6.498D+00  1.843D+03
  134  140     2  2325  bnd    0  1.0D+00  9.7D-02  5.914D+00  1.840D+03
  135  141     2  2332  bnd    0  1.0D+00  2.0D-01  4.735D+00  1.836D+03
  136  142     4  2328  bnd    0  1.0D+00  1.6D-01  3.860D+00  1.832D+03
  137  143     1  2328  bnd    0  1.0D+00  1.9D-01  3.809D+00  1.829D+03
  138  144     4  2333  bnd    0  1.0D+00  2.7D-01  3.775D+00  1.825D+03
  139  145     3  2338  bnd    0  1.0D+00  4.3D-01  3.784D+00  1.823D+03
  140  146     1  2336  bnd    0  1.0D+00  4.2D-02  3.791D+00  1.820D+03
  141  147     1  2338  bnd    0  1.0D+00  1.3D-01  4.115D+00  1.818D+03
  142  148     3  2338  bnd    0  1.0D+00  2.8D-01  4.475D+00  1.814D+03
  143  149     3  2341  bnd    0  1.0D+00  2.8D-01  4.564D+00  1.811D+03
  144  150     2  2334  bnd    0  1.0D+00  9.8D-02  4.406D+00  1.809D+03
  145  151     4  2334  bnd    0  1.0D+00  3.4D-01  4.248D+00  1.805D+03
  146  152     2  2339  bnd    0  1.0D+00  3.9D-01  4.307D+00  1.802D+03
  147  153     2  2333  bnd    0  1.0D+00  1.7D-01  4.000D+00  1.800D+03
  148  154     2  2339  bnd    0  1.0D+00  3.2D-01  4.305D+00  1.796D+03
  149  155     3  2336  bnd    0  1.0D+00  1.4D-01  3.922D+00  1.793D+03
  150  156     2  2338  bnd    0  1.0D+00  2.4D-01  4.275D+00  1.791D+03
  151  157     2  2336  bnd    0  1.0D+00  3.8D-01  4.646D+00  1.788D+03
  152  158     2  2329  bnd    0  1.0D+00  2.8D-01  4.653D+00  1.786D+03
  153  159     1  2327  bnd    0  1.0D+00  2.3D-01  4.285D+00  1.783D+03
  154  160     4  2320  bnd    0  1.0D+00  1.8D-01  4.193D+00  1.780D+03
  155  161     3  2319  bnd    0  1.0D+00  3.3D-01  5.116D+00  1.776D+03
  156  162     2  2318  bnd    0  1.0D+00  2.2D-01  4.882D+00  1.773D+03
  157  163     2  2313  bnd    0  1.0D+00  3.0D-01  4.875D+00  1.770D+03
  158  164     6  2321  bnd    0  1.0D+00  4.4D-01  4.682D+00  1.767D+03
  159  165     5  2326  bnd    0  1.0D+00  4.4D-01  4.391D+00  1.763D+03
  160  166     3  2332  bnd    0  1.0D+00  4.9D-01  4.212D+00  1.759D+03
  161  167     1  2331  bnd    0  1.0D+00  3.0D-01  4.300D+00  1.756D+03
  162  168     4  2330  bnd    0  1.0D+00  1.2D-01  4.276D+00  1.752D+03
  163  169     1  2330  bnd    0  1.0D+00  2.8D-01  4.677D+00  1.749D+03
  164  170     3  2335  bnd    0  1.0D+00  3.4D-01  5.479D+00  1.745D+03
  165  171     1  2332  bnd    0  1.0D+00  2.6D-01  5.650D+00  1.742D+03
  166  172     2  2333  bnd    0  1.0D+00  2.6D-01  5.790D+00  1.740D+03
  167  173     1  2333  bnd    0  1.0D+00  3.3D-01  5.866D+00  1.737D+03
  168  174     3  2332  bnd    0  1.0D+00  2.0D-01  5.671D+00  1.735D+03
  169  175     5  2339  bnd    0  1.0D+00  3.5D-01  5.209D+00  1.730D+03
  170  176     3  2339  bnd    0  1.0D+00  3.6D-01  5.369D+00  1.727D+03
  171  177     1  2343  bnd    0  1.0D+00  2.7D-01  5.084D+00  1.725D+03
  172  178     2  2342  bnd    0  1.0D+00  2.6D-01  4.307D+00  1.722D+03
  173  179     6  2348  bnd    0  1.0D+00  4.1D-01  3.155D+00  1.718D+03
  174  180     1  2343  bnd    0  1.0D+00  3.7D-01  3.240D+00  1.716D+03
  175  181     2  2337  bnd    0  1.0D+00  4.1D-01  3.818D+00  1.713D+03
  176  182     3  2339  bnd    0  1.0D+00  4.0D-01  4.141D+00  1.710D+03
  177  183     3  2341  bnd    0  1.0D+00  4.5D-01  4.423D+00  1.707D+03
  178  184     2  2341  bnd    0  1.0D+00  1.2D-01  4.355D+00  1.705D+03
  179  185     2  2340  bnd    0  1.0D+00  3.7D-01  4.122D+00  1.702D+03
  180  186     1  2335  bnd    0  1.0D+00  3.6D-01  5.121D+00  1.699D+03
  181  187     1  2333  bnd    0  1.0D+00  1.7D-01  5.485D+00  1.698D+03
  182  188     2  2332  bnd    0  1.0D+00  2.5D-01  5.781D+00  1.696D+03
  183  189     2  2330  bnd    0  1.0D+00  3.8D-01  5.931D+00  1.693D+03
  184  190     2  2327  bnd    0  1.0D+00  3.5D-01  5.564D+00  1.690D+03
  185  191     4  2332  bnd    0  1.0D+00  4.4D-01  4.654D+00  1.687D+03
  186  192     3  2333  bnd    0  1.0D+00  4.9D-01  4.531D+00  1.684D+03
  187  193     4  2334  bnd    0  1.0D+00  2.2D-01  4.530D+00  1.681D+03
  188  194     1  2330  bnd    0  1.0D+00  4.6D-01  4.331D+00  1.678D+03
  189  195     1  2331  bnd    0  1.0D+00  3.3D-02  4.175D+00  1.676D+03
  190  196     1  2331  bnd    0  1.0D+00  9.3D-02  3.921D+00  1.675D+03
  191  197     4  2330  bnd    0  1.0D+00  2.8D-01  4.013D+00  1.672D+03
  192  198     3  2331  bnd    0  1.0D+00  4.0D-01  5.976D+00  1.669D+03
  193  199     2  2330  bnd    0  1.0D+00  6.3D-01  7.291D+00  1.665D+03
  194  200     3  2323  bnd    0  1.0D+00  6.7D-01  7.458D+00  1.662D+03
  195  201     1  2311  bnd    0  1.0D+00  2.4D-01  6.462D+00  1.660D+03
  196  202     1  2304  bnd    0  1.0D+00  3.2D-01  4.618D+00  1.657D+03
  197  203     3  2306  bnd    0  1.0D+00  5.4D-01  4.107D+00  1.654D+03
  198  204     2  2302  bnd    0  1.0D+00  8.7D-01  3.706D+00  1.650D+03
  199  205     1  2298  bnd    0  1.0D+00  6.9D-01  3.574D+00  1.648D+03
  200  206     4  2304  bnd    0  1.0D+00  8.5D-02  3.731D+00  1.647D+03
  201  207     2  2303  bnd    0  1.0D+00  9.8D-02  3.100D+00  1.645D+03
  202  208     1  2304  bnd    0  1.0D+00  2.6D-01  3.937D+00  1.643D+03
  203  209     2  2296  bnd    0  1.0D+00  3.8D-01  4.814D+00  1.642D+03
  204  210     2  2296  bnd    0  1.0D+00  4.3D-01  5.169D+00  1.640D+03
  205  211     2  2292  bnd    0  1.0D+00  7.1D-01  5.140D+00  1.638D+03
  206  212     3  2286  bnd    0  1.0D+00  6.7D-01  4.755D+00  1.635D+03
  207  213     5  2283  bnd    0  1.0D+00  3.5D-01  4.400D+00  1.632D+03
  208  214     1  2280  bnd    0  1.0D+00  3.6D-01  4.232D+00  1.629D+03
  209  215     1  2277  bnd    0  1.0D+00  2.9D-01  5.726D+00  1.627D+03
  210  216     1  2275  bnd    0  1.0D+00  5.4D-02  5.235D+00  1.625D+03
  211  217     4  2273  bnd    0  1.0D+00  3.6D-01  4.495D+00  1.621D+03
  212  218     1  2272  bnd    0  1.0D+00  8.9D-01  4.079D+00  1.618D+03
  213  219     2  2266  bnd    0  1.0D+00  1.2D+00  4.098D+00  1.617D+03
  214  220     4  2264  bnd    0  1.0D+00  5.6D-01  4.334D+00  1.615D+03
  215  221     1  2262  bnd    0  1.0D+00  3.5D-01  4.070D+00  1.613D+03
  216  222     2  2259  bnd    0  1.0D+00  7.4D-01  4.643D+00  1.609D+03
  217  223     2  2253  bnd    0  1.0D+00  3.6D-01  4.688D+00  1.606D+03
  218  225     2  2254  bnd    1  4.9D-01  3.4D-01  4.432D+00  1.604D+03
  219  226     2  2248  bnd    0  1.0D+00  5.9D-01  3.748D+00  1.601D+03
  220  227     4  2249  bnd    0  1.0D+00  9.0D-01  3.399D+00  1.597D+03
  221  228     2  2234  bnd    0  1.0D+00  7.7D-01  4.224D+00  1.595D+03
  222  229     2  2232  bnd    0  1.0D+00  1.0D-01  4.420D+00  1.594D+03
  223  230     2  2234  bnd    0  1.0D+00  3.5D-01  4.775D+00  1.590D+03
  224  231     1  2234  bnd    0  1.0D+00  2.3D-01  4.716D+00  1.588D+03
  225  232     5  2237  bnd    0  1.0D+00  2.8D-01  4.493D+00  1.587D+03
  226  233     2  2239  bnd    0  1.0D+00  8.1D-01  4.429D+00  1.585D+03
  227  234     3  2236  bnd    0  1.0D+00  6.7D-01  4.543D+00  1.583D+03
  228  235     2  2234  bnd    0  1.0D+00  1.1D+00  4.075D+00  1.581D+03
  229  236     1  2216  bnd    0  1.0D+00  4.5D-01  3.602D+00  1.578D+03
  230  237     1  2216  bnd    0  1.0D+00  2.2D-01  3.921D+00  1.575D+03
  231  238     2  2216  bnd    0  1.0D+00  2.2D-01  4.566D+00  1.574D+03
  232  239     2  2216  bnd    0  1.0D+00  9.6D-02  3.968D+00  1.572D+03
  233  240     2  2218  bnd    0  1.0D+00  1.7D-01  3.211D+00  1.571D+03
  234  241     2  2220  bnd    0  1.0D+00  5.5D-01  4.491D+00  1.568D+03
  235  242     2  2217  bnd    0  1.0D+00  9.6D-01  5.598D+00  1.566D+03
  236  243     2  2213  bnd    0  1.0D+00  2.6D-01  5.218D+00  1.565D+03
  237  244     2  2210  bnd    0  1.0D+00  6.3D-01  4.817D+00  1.563D+03
  238  245     3  2207  bnd    0  1.0D+00  8.9D-01  3.854D+00  1.562D+03
  239  246     2  2204  bnd    0  1.0D+00  2.8D-01  3.801D+00  1.560D+03
  240  247     3  2201  bnd    0  1.0D+00  6.7D-01  3.556D+00  1.557D+03
  241  248     1  2198  bnd    0  1.0D+00  5.7D-01  4.434D+00  1.555D+03
  242  249     1  2195  bnd    0  1.0D+00  4.3D-02  4.131D+00  1.554D+03
  243  250     2  2196  bnd    0  1.0D+00  1.4D-01  3.469D+00  1.553D+03
  244  251     2  2200  bnd    0  1.0D+00  4.8D-01  3.155D+00  1.550D+03
  245  252     2  2200  bnd    0  1.0D+00  6.7D-01  4.053D+00  1.549D+03
  246  253     1  2202  bnd    0  1.0D+00  1.8D-01  3.665D+00  1.547D+03
  247  254     2  2198  bnd    0  1.0D+00  3.6D-01  3.821D+00  1.546D+03
  248  255     2  2192  bnd    0  1.0D+00  3.2D-01  3.428D+00  1.544D+03
  249  256     1  2191  bnd    0  1.0D+00  6.0D-01  2.574D+00  1.543D+03
  250  257     2  2183  bnd    0  1.0D+00  6.1D-02  2.462D+00  1.542D+03
  251  258     1  2184  bnd    0  1.0D+00  1.2D-01  2.242D+00  1.540D+03
  252  259     1  2182  bnd    0  1.0D+00  1.3D-01  3.170D+00  1.539D+03
  253  260     1  2178  bnd    0  1.0D+00  8.4D-02  3.272D+00  1.538D+03
  254  261     2  2179  bnd    0  1.0D+00  4.2D-01  3.472D+00  1.535D+03
  255  262     1  2177  bnd    0  1.0D+00  5.6D-01  3.090D+00  1.534D+03
  256  263     1  2171  bnd    0  1.0D+00  3.0D-01  3.208D+00  1.533D+03
  257  264     1  2169  bnd    0  1.0D+00  1.1D+00  3.620D+00  1.531D+03
  258  265     1  2160  bnd    0  1.0D+00  3.6D-01  3.475D+00  1.530D+03
  259  266     1  2158  bnd    0  1.0D+00  3.5D-01  3.225D+00  1.529D+03
  260  267     1  2159  bnd    0  1.0D+00  8.3D-01  2.465D+00  1.527D+03
  261  268     1  2160  bnd    0  1.0D+00  5.4D-01  2.216D+00  1.525D+03
  262  269     2  2158  bnd    0  1.0D+00  4.9D-01  2.926D+00  1.522D+03
  263  271     1  2152  bnd    1  5.2D-01  3.4D-01  3.498D+00  1.520D+03
  264  272     1  2151  bnd    0  1.0D+00  1.1D-01  3.656D+00  1.519D+03
  265  273     3  2152  bnd    0  1.0D+00  2.7D-01  3.789D+00  1.518D+03
  266  274     1  2143  bnd    0  1.0D+00  5.2D-01  3.912D+00  1.516D+03
  267  275     1  2137  bnd    0  1.0D+00  3.0D-01  3.913D+00  1.515D+03
  268  276     2  2140  bnd    0  1.0D+00  2.2D-01  3.915D+00  1.515D+03
  269  277     1  2136  bnd    0  1.0D+00  9.4D-01  3.919D+00  1.512D+03
  270  278     1  2130  bnd    0  1.0D+00  7.7D-01  3.923D+00  1.511D+03
  271  279     1  2125  bnd    0  1.0D+00  1.1D-01  3.920D+00  1.510D+03
  272  280     1  2127  bnd    0  1.0D+00  1.1D-01  3.914D+00  1.509D+03
  273  281     1  2125  bnd    0  1.0D+00  1.3D-01  3.467D+00  1.508D+03
  274  282     1  2125  bnd    0  1.0D+00  3.5D-01  2.546D+00  1.506D+03
  275  283     2  2121  bnd    0  1.0D+00  5.1D-01  2.774D+00  1.505D+03
  276  284     1  2117  bnd    0  1.0D+00  5.7D-01  3.279D+00  1.503D+03
  277  285     1  2109  bnd    0  1.0D+00  6.9D-01  3.368D+00  1.501D+03
  278  286     3  2105  bnd    0  1.0D+00  6.5D-01  2.750D+00  1.499D+03
  279  287     2  2102  bnd    0  1.0D+00  3.6D-01  2.533D+00  1.498D+03
  280  288     3  2101  bnd    0  1.0D+00  2.4D-01  2.558D+00  1.497D+03
  281  289     1  2101  bnd    0  1.0D+00  5.1D-01  2.682D+00  1.496D+03
  282  290     1  2090  bnd    0  1.0D+00  3.1D-01  2.666D+00  1.495D+03
  283  291     1  2088  bnd    0  1.0D+00  9.1D-01  2.289D+00  1.493D+03
  284  292     2  2082  bnd    0  1.0D+00  1.3D-01  2.201D+00  1.492D+03
  285  293     1  2081  bnd    0  1.0D+00  6.8D-02  2.047D+00  1.491D+03
  286  294     1  2082  bnd    0  1.0D+00  1.5D-01  2.706D+00  1.490D+03
  287  295     1  2080  bnd    0  1.0D+00  4.5D-01  3.537D+00  1.488D+03
  288  296     1  2080  bnd    0  1.0D+00  5.8D-01  3.978D+00  1.486D+03
  289  297     1  2075  bnd    0  1.0D+00  5.6D-01  4.183D+00  1.484D+03
  290  298     3  2076  bnd    0  1.0D+00  4.0D-01  3.883D+00  1.483D+03
  291  299     1  2075  bnd    0  1.0D+00  3.6D-01  3.215D+00  1.482D+03
  292  300     1  2070  bnd    0  1.0D+00  1.0D-01  3.429D+00  1.481D+03
  293  301     1  2071  con    0  1.0D+00  3.6D-02  3.074D+00  1.481D+03
  294  302     1  2070  bnd    0  1.0D+00  3.0D-01  2.110D+00  1.480D+03
  295  303     4  2072  bnd    0  1.0D+00  5.2D-01  2.128D+00  1.478D+03
  296  304     2  2070  bnd    0  1.0D+00  5.8D-01  2.849D+00  1.477D+03
  297  305     1  2068  bnd    0  1.0D+00  5.3D-01  3.286D+00  1.476D+03
  298  306     1  2067  bnd    0  1.0D+00  4.9D-02  2.942D+00  1.475D+03
  299  307     1  2067  bnd    0  1.0D+00  1.0D-01  2.436D+00  1.474D+03
  300  308     1  2065  bnd    0  1.0D+00  4.9D-02  2.306D+00  1.474D+03
  301  309     2  2065  bnd    0  1.0D+00  2.3D-01  2.425D+00  1.473D+03
  302  310     1  2064  bnd    0  1.0D+00  3.8D-01  2.518D+00  1.472D+03
  303  311     1  2062  bnd    0  1.0D+00  3.2D-01  2.670D+00  1.471D+03
  304  312     1  2061  bnd    0  1.0D+00  1.8D-01  2.627D+00  1.471D+03
  305  313     2  2061  bnd    0  1.0D+00  4.1D-01  2.539D+00  1.470D+03
  306  314     1  2060  bnd    0  1.0D+00  9.6D-02  2.263D+00  1.469D+03
  307  315     1  2058  bnd    0  1.0D+00  8.0D-02  2.326D+00  1.469D+03
  308  316     1  2060  bnd    0  1.0D+00  2.7D-01  2.326D+00  1.467D+03
  309  317     2  2059  bnd    0  1.0D+00  3.0D-01  3.356D+00  1.466D+03
  310  318     1  2055  bnd    0  1.0D+00  1.9D-01  3.484D+00  1.465D+03
  311  319     1  2051  bnd    0  1.0D+00  4.9D-01  3.175D+00  1.464D+03
  312  320     1  2053  bnd    0  1.0D+00  5.5D-01  2.536D+00  1.463D+03
  313  321     2  2051  bnd    0  1.0D+00  1.7D-01  2.176D+00  1.463D+03
  314  322     1  2047  bnd    0  1.0D+00  2.6D-01  2.153D+00  1.462D+03
  315  323     2  2046  bnd    0  1.0D+00  4.0D-01  2.195D+00  1.461D+03
  316  324     2  2045  bnd    0  1.0D+00  5.0D-01  2.163D+00  1.460D+03
  317  325     1  2044  bnd    0  1.0D+00  5.0D-01  2.206D+00  1.460D+03
  318  326     1  2043  bnd    0  1.0D+00  1.1D-01  2.098D+00  1.459D+03
  319  327     2  2043  bnd    0  1.0D+00  1.7D-01  1.952D+00  1.459D+03
  320  328     1  2043  bnd    0  1.0D+00  3.3D-01  1.596D+00  1.458D+03
  321  329     1  2038  bnd    0  1.0D+00  3.4D-01  1.893D+00  1.457D+03
  322  330     1  2036  bnd    0  1.0D+00  9.1D-01  2.603D+00  1.456D+03
  323  331     1  2030  bnd    0  1.0D+00  1.6D-01  2.177D+00  1.455D+03
  324  332     2  2032  bnd    0  1.0D+00  1.1D-01  1.782D+00  1.455D+03
  325  333     2  2036  bnd    0  1.0D+00  1.4D-01  2.109D+00  1.454D+03
  326  334     1  2033  bnd    0  1.0D+00  3.2D-01  2.065D+00  1.453D+03
  327  335     1  2034  bnd    0  1.0D+00  1.0D+00  2.316D+00  1.453D+03
  328  336     1  2030  bnd    0  1.0D+00  3.2D-01  2.162D+00  1.453D+03
  329  337     1  2029  bnd    0  1.0D+00  3.4D-01  2.157D+00  1.452D+03
  330  338     2  2032  bnd    0  1.0D+00  3.0D-01  2.165D+00  1.451D+03
  331  339     1  2029  bnd    0  1.0D+00  1.3D-01  2.166D+00  1.450D+03
  332  340     1  2029  bnd    0  1.0D+00  3.2D-01  2.550D+00  1.449D+03
  333  341     1  2029  bnd    0  1.0D+00  4.9D-01  3.063D+00  1.448D+03
  334  342     1  2030  bnd    0  1.0D+00  2.8D-01  2.755D+00  1.447D+03
  335  343     1  2027  bnd    0  1.0D+00  2.4D-01  2.164D+00  1.446D+03
  336  344     1  2027  bnd    0  1.0D+00  1.2D-01  2.165D+00  1.446D+03
  337  345     1  2026  bnd    0  1.0D+00  1.2D-01  2.159D+00  1.446D+03
  338  346     2  2027  bnd    0  1.0D+00  2.2D-01  2.113D+00  1.445D+03
  339  347     1  2026  bnd    0  1.0D+00  2.0D-01  1.997D+00  1.444D+03
  340  348     1  2027  bnd    0  1.0D+00  1.1D-01  1.941D+00  1.444D+03
  341  349     1  2027  bnd    0  1.0D+00  4.9D-01  2.093D+00  1.443D+03
  342  350     1  2024  bnd    0  1.0D+00  2.7D-01  2.916D+00  1.443D+03
  343  351     1  2021  bnd    0  1.0D+00  3.8D-01  3.787D+00  1.442D+03
  344  352     1  2020  bnd    0  1.0D+00  4.3D-01  4.121D+00  1.441D+03
  345  353     1  2021  bnd    0  1.0D+00  6.9D-01  3.781D+00  1.439D+03
  346  354     1  2018  bnd    0  1.0D+00  6.2D-01  2.536D+00  1.438D+03
  347  355     2  2019  bnd    0  1.0D+00  2.9D-01  2.298D+00  1.438D+03
  348  356     2  2018  bnd    0  1.0D+00  5.3D-01  2.190D+00  1.436D+03
  349  357     2  2017  bnd    0  1.0D+00  4.6D-01  2.189D+00  1.436D+03
  350  358     1  2017  bnd    0  1.0D+00  2.3D-01  2.189D+00  1.435D+03
  351  359     1  2016  bnd    0  1.0D+00  1.1D-01  2.020D+00  1.435D+03
  352  360     1  2012  bnd    0  1.0D+00  3.5D-01  2.001D+00  1.434D+03
  353  361     3  2007  bnd    0  1.0D+00  3.9D-01  2.630D+00  1.434D+03
  354  362     1  2005  bnd    0  1.0D+00  5.8D-01  3.354D+00  1.433D+03
  355  363     2  2007  bnd    0  1.0D+00  2.0D-01  3.698D+00  1.432D+03
  356  364     1  2006  bnd    0  1.0D+00  6.3D-02  3.675D+00  1.432D+03
  357  365     1  2006  bnd    0  1.0D+00  9.1D-02  3.355D+00  1.431D+03
  358  366     1  2004  bnd    0  1.0D+00  1.2D-01  3.287D+00  1.431D+03
  359  367     1  2003  bnd    0  1.0D+00  3.5D-01  2.770D+00  1.430D+03
  360  368     1  2004  bnd    0  1.0D+00  2.1D-01  1.962D+00  1.429D+03
  361  369     1  2004  bnd    0  1.0D+00  2.9D-01  1.810D+00  1.429D+03
  362  370     1  2003  bnd    0  1.0D+00  2.5D-01  2.192D+00  1.428D+03
  363  371     1  2003  bnd    0  1.0D+00  3.3D-01  2.504D+00  1.427D+03
  364  372     2  2005  bnd    0  1.0D+00  2.3D-01  3.061D+00  1.426D+03
  365  373     1  2004  bnd    0  1.0D+00  7.5D-02  3.062D+00  1.426D+03
  366  374     1  2004  bnd    0  1.0D+00  2.0D-01  2.973D+00  1.426D+03
  367  375     1  2006  bnd    0  1.0D+00  2.1D-01  2.851D+00  1.425D+03
  368  376     1  2004  bnd    0  1.0D+00  4.7D-01  2.501D+00  1.424D+03
  369  377     1  1999  bnd    0  1.0D+00  2.7D-01  2.162D+00  1.424D+03
  370  378     1  2000  bnd    0  1.0D+00  4.2D-01  2.773D+00  1.423D+03
  371  379     1  2003  bnd    0  1.0D+00  2.6D-01  3.205D+00  1.422D+03
  372  380     1  2004  bnd    0  1.0D+00  1.2D-01  3.230D+00  1.421D+03
  373  381     1  2005  bnd    0  1.0D+00  9.0D-02  2.907D+00  1.421D+03
  374  382     1  2005  bnd    0  1.0D+00  6.2D-02  2.482D+00  1.420D+03
  375  383     2  2006  bnd    0  1.0D+00  2.1D-01  2.888D+00  1.420D+03
  376  384     1  2007  bnd    0  1.0D+00  1.9D-01  3.120D+00  1.420D+03
  377  385     1  2008  bnd    0  1.0D+00  5.2D-01  3.358D+00  1.419D+03
  378  386     1  2007  bnd    0  1.0D+00  2.0D-01  2.900D+00  1.418D+03
  379  387     1  2004  bnd    0  1.0D+00  1.8D-01  2.071D+00  1.417D+03
  380  388     1  2004  bnd    0  1.0D+00  2.2D-01  2.191D+00  1.417D+03
  381  389     1  2004  bnd    0  1.0D+00  3.3D-02  2.133D+00  1.417D+03
  382  390     1  2004  bnd    0  1.0D+00  1.9D-01  1.716D+00  1.416D+03
  383  391     1  2001  bnd    0  1.0D+00  2.2D-01  1.405D+00  1.416D+03
  384  392     2  2003  bnd    0  1.0D+00  3.3D-01  1.709D+00  1.415D+03
  385  393     2  2006  bnd    0  1.0D+00  3.4D-01  2.400D+00  1.415D+03
  386  394     1  2004  bnd    0  1.0D+00  5.8D-01  3.403D+00  1.414D+03
  387  395     1  2004  bnd    0  1.0D+00  5.8D-01  4.086D+00  1.413D+03
  388  396     1  2008  bnd    0  1.0D+00  3.3D-01  3.931D+00  1.412D+03
  389  397     1  2009  bnd    0  1.0D+00  1.4D-01  3.227D+00  1.411D+03
  390  398     1  2011  bnd    0  1.0D+00  3.1D-01  2.409D+00  1.410D+03
  391  399     1  2015  bnd    0  1.0D+00  3.0D-01  2.281D+00  1.410D+03
  392  400     1  2014  bnd    0  1.0D+00  8.1D-01  2.178D+00  1.409D+03
  393  401     1  2014  bnd    0  1.0D+00  2.8D-01  2.103D+00  1.408D+03
  394  402     2  2014  bnd    0  1.0D+00  4.4D-01  1.865D+00  1.408D+03
  395  403     2  2015  bnd    0  1.0D+00  4.8D-01  2.248D+00  1.407D+03
  396  404     2  2018  bnd    0  1.0D+00  1.6D-01  2.842D+00  1.407D+03
  397  405     1  2017  bnd    0  1.0D+00  2.4D-01  3.348D+00  1.406D+03
  398  406     2  2015  bnd    0  1.0D+00  1.6D-01  3.219D+00  1.405D+03
  399  407     1  2016  bnd    0  1.0D+00  2.0D-01  2.583D+00  1.405D+03
  400  408     4  2019  bnd    0  1.0D+00  2.5D-01  2.063D+00  1.404D+03
  401  409     2  2019  bnd    0  1.0D+00  3.3D-01  1.886D+00  1.404D+03
  402  410     2  2021  bnd    0  1.0D+00  4.1D-01  1.875D+00  1.403D+03
  403  411     1  2020  bnd    0  1.0D+00  4.5D-01  1.560D+00  1.402D+03
  404  412     4  2025  bnd    0  1.0D+00  3.8D-01  2.657D+00  1.402D+03
  405  413     1  2031  bnd    0  1.0D+00  1.5D-01  2.879D+00  1.401D+03
  406  414     4  2034  bnd    0  1.0D+00  2.8D-01  3.222D+00  1.400D+03
  407  415     1  2032  bnd    0  1.0D+00  9.8D-02  3.169D+00  1.400D+03
  408  416     1  2031  bnd    0  1.0D+00  2.3D-01  2.862D+00  1.400D+03
  409  417     3  2033  bnd    0  1.0D+00  3.0D-01  2.292D+00  1.399D+03
  410  418     2  2036  bnd    0  1.0D+00  2.1D-01  2.081D+00  1.399D+03
  411  419     1  2037  bnd    0  1.0D+00  2.0D-01  2.343D+00  1.398D+03
  412  420     1  2038  bnd    0  1.0D+00  3.2D-01  2.472D+00  1.398D+03
  413  421     1  2039  bnd    0  1.0D+00  1.6D-01  2.578D+00  1.397D+03
  414  422     1  2037  bnd    0  1.0D+00  2.7D-02  2.445D+00  1.397D+03
  415  423     1  2037  bnd    0  1.0D+00  7.0D-02  2.722D+00  1.397D+03
  416  424     1  2037  bnd    0  1.0D+00  7.3D-02  2.819D+00  1.396D+03
  417  425     1  2039  bnd    0  1.0D+00  1.1D-01  3.381D+00  1.396D+03
  418  426     1  2040  bnd    0  1.0D+00  7.8D-02  3.696D+00  1.396D+03
  419  427     1  2040  bnd    0  1.0D+00  7.7D-02  3.741D+00  1.396D+03
  420  428     1  2041  bnd    0  1.0D+00  1.1D-01  3.175D+00  1.395D+03
  421  429     1  2043  bnd    0  1.0D+00  1.7D-01  2.174D+00  1.395D+03
  422  430     1  2044  bnd    0  1.0D+00  3.2D-01  1.668D+00  1.394D+03
  423  431     1  2046  bnd    0  1.0D+00  1.5D-01  1.528D+00  1.394D+03
  424  432     1  2047  bnd    0  1.0D+00  2.6D-01  2.023D+00  1.393D+03
  425  433     1  2050  bnd    0  1.0D+00  2.8D-01  2.190D+00  1.393D+03
  426  434     2  2050  bnd    0  1.0D+00  5.0D-01  2.196D+00  1.392D+03
  427  435     3  2053  bnd    0  1.0D+00  3.3D-01  2.210D+00  1.392D+03
  428  436     1  2055  bnd    0  1.0D+00  2.7D-01  1.916D+00  1.391D+03
  429  437     1  2055  bnd    0  1.0D+00  3.5D-01  1.319D+00  1.391D+03
  430  438     1  2058  bnd    0  1.0D+00  5.9D-01  1.357D+00  1.390D+03
  431  439     2  2063  bnd    0  1.0D+00  1.2D-01  1.357D+00  1.390D+03
  432  440     3  2065  bnd    0  1.0D+00  2.4D-01  1.422D+00  1.389D+03
  433  441     1  2064  bnd    0  1.0D+00  1.4D-01  1.708D+00  1.389D+03
  434  442     1  2066  bnd    0  1.0D+00  1.8D-02  1.673D+00  1.389D+03
  435  443     1  2064  bnd    0  1.0D+00  2.2D-01  1.760D+00  1.389D+03
  436  444     1  2067  bnd    0  1.0D+00  3.6D-01  1.761D+00  1.388D+03
  437  445     1  2069  bnd    0  1.0D+00  3.5D-01  2.114D+00  1.388D+03
  438  446     1  2073  bnd    0  1.0D+00  4.8D-01  2.417D+00  1.388D+03
  439  447     3  2079  bnd    0  1.0D+00  4.3D-01  2.109D+00  1.387D+03
  440  448     3  2082  bnd    0  1.0D+00  1.8D-01  1.735D+00  1.386D+03
  441  449     1  2083  bnd    0  1.0D+00  6.4D-02  1.797D+00  1.386D+03
  442  450     1  2083  con    0  1.0D+00  5.6D-02  1.676D+00  1.386D+03
  443  451     1  2081  bnd    0  1.0D+00  1.4D-01  1.465D+00  1.385D+03
  444  452     1  2080  bnd    0  1.0D+00  1.4D-01  1.478D+00  1.385D+03
  445  453     1  2081  bnd    0  1.0D+00  3.0D-01  2.051D+00  1.385D+03
  446  454     2  2083  bnd    0  1.0D+00  3.0D-01  2.191D+00  1.384D+03
  447  455     1  2081  bnd    0  1.0D+00  2.7D-01  2.062D+00  1.384D+03
  448  456     1  2080  bnd    0  1.0D+00  1.6D-01  1.556D+00  1.384D+03
  449  457     1  2079  bnd    0  1.0D+00  2.9D-01  1.628D+00  1.383D+03
  450  458     2  2077  bnd    0  1.0D+00  2.0D-01  1.629D+00  1.383D+03
  451  459     2  2078  bnd    0  1.0D+00  1.7D-01  1.517D+00  1.382D+03
  452  460     2  2080  bnd    0  1.0D+00  2.3D-01  1.395D+00  1.382D+03
  453  461     1  2080  bnd    0  1.0D+00  2.8D-01  1.424D+00  1.382D+03
  454  462     2  2082  bnd    0  1.0D+00  5.4D-01  2.192D+00  1.381D+03
  455  463     1  2089  bnd    0  1.0D+00  4.8D-01  2.189D+00  1.381D+03
  456  464     2  2092  bnd    0  1.0D+00  3.8D-01  2.126D+00  1.380D+03
  457  465     1  2096  bnd    0  1.0D+00  5.0D-01  1.738D+00  1.380D+03
  458  466     3  2101  bnd    0  1.0D+00  1.8D-02  1.558D+00  1.379D+03
  459  467     1  2098  bnd    0  1.0D+00  1.6D-01  1.231D+00  1.379D+03
  460  468     1  2099  bnd    0  1.0D+00  2.7D-01  1.182D+00  1.379D+03
  461  469     2  2099  bnd    0  1.0D+00  4.9D-01  1.339D+00  1.378D+03
  462  470     2  2105  bnd    0  1.0D+00  5.4D-01  1.915D+00  1.378D+03
  463  471     1  2105  bnd    0  1.0D+00  3.1D-01  2.135D+00  1.378D+03
  464  472     1  2103  bnd    0  1.0D+00  1.5D-01  2.001D+00  1.377D+03
  465  473     1  2103  bnd    0  1.0D+00  2.3D-01  1.557D+00  1.377D+03
  466  474     1  2105  bnd    0  1.0D+00  2.7D-01  1.398D+00  1.376D+03
  467  475     2  2107  bnd    0  1.0D+00  2.5D-01  1.524D+00  1.376D+03
  468  476     1  2109  bnd    0  1.0D+00  4.0D-01  1.533D+00  1.376D+03
  469  477     2  2110  bnd    0  1.0D+00  2.4D-01  1.722D+00  1.375D+03
  470  478     1  2111  bnd    0  1.0D+00  2.6D-01  2.139D+00  1.375D+03
  471  479     2  2116  bnd    0  1.0D+00  4.8D-01  2.345D+00  1.374D+03
  472  480     1  2118  bnd    0  1.0D+00  4.1D-01  2.448D+00  1.374D+03
  473  481     1  2119  bnd    0  1.0D+00  2.4D-01  2.026D+00  1.374D+03
  474  482     1  2120  bnd    0  1.0D+00  4.1D-01  1.358D+00  1.373D+03
  475  483     1  2122  bnd    0  1.0D+00  3.3D-01  1.251D+00  1.373D+03
  476  484     1  2127  bnd    0  1.0D+00  5.5D-01  1.201D+00  1.372D+03
  477  485     1  2135  bnd    0  1.0D+00  4.2D-01  1.377D+00  1.372D+03
  478  486     1  2145  bnd    0  1.0D+00  4.8D-01  1.629D+00  1.372D+03
  479  487     3  2151  bnd    0  1.0D+00  3.3D-01  1.681D+00  1.371D+03
  480  488     3  2157  bnd    0  1.0D+00  2.3D-01  1.721D+00  1.371D+03
  481  489     2  2161  bnd    0  1.0D+00  2.0D-01  2.191D+00  1.370D+03
  482  490     1  2159  bnd    0  1.0D+00  2.1D-01  2.192D+00  1.370D+03
  483  491     1  2159  bnd    0  1.0D+00  3.4D-01  2.191D+00  1.370D+03
  484  492     2  2162  bnd    0  1.0D+00  2.6D-01  1.638D+00  1.369D+03
  485  493     2  2161  bnd    0  1.0D+00  2.3D-01  1.415D+00  1.369D+03
  486  494     2  2164  bnd    0  1.0D+00  2.4D-01  1.061D+00  1.369D+03
  487  495     3  2170  bnd    0  1.0D+00  3.0D-01  1.406D+00  1.368D+03
  488  496     1  2172  bnd    0  1.0D+00  1.4D-01  1.599D+00  1.368D+03
  489  497     2  2173  bnd    0  1.0D+00  1.8D-01  1.591D+00  1.368D+03
  490  498     3  2175  bnd    0  1.0D+00  1.3D-01  1.385D+00  1.368D+03
  491  499     2  2172  bnd    0  1.0D+00  1.3D-01  1.360D+00  1.367D+03
  492  500     2  2174  bnd    0  1.0D+00  3.4D-01  1.358D+00  1.367D+03
  493  501     2  2175  bnd    0  1.0D+00  3.2D-01  1.677D+00  1.366D+03
  494  502     2  2173  bnd    0  1.0D+00  9.7D-02  1.786D+00  1.366D+03
  495  503     1  2175  bnd    0  1.0D+00  2.3D-01  1.738D+00  1.366D+03
  496  504     1  2176  bnd    0  1.0D+00  1.3D-01  1.604D+00  1.365D+03
  497  505     2  2177  bnd    0  1.0D+00  1.4D-01  1.413D+00  1.365D+03
  498  506     2  2177  bnd    0  1.0D+00  2.3D-01  1.502D+00  1.365D+03
  499  507     2  2186  bnd    0  1.0D+00  1.7D-01  1.692D+00  1.365D+03
  500  508     2  2186  bnd    0  1.0D+00  1.6D-01  1.654D+00  1.364D+03
  501  509     1  2188  bnd    0  1.0D+00  1.6D-01  1.374D+00  1.364D+03
  502  510     1  2187  bnd    0  1.0D+00  1.0D-01  1.346D+00  1.364D+03
  503  511     2  2189  bnd    0  1.0D+00  2.3D-01  1.446D+00  1.363D+03
  504  512     2  2192  bnd    0  1.0D+00  2.5D-01  1.518D+00  1.363D+03
  505  513     3  2194  bnd    0  1.0D+00  1.2D-01  1.413D+00  1.363D+03
  506  514     1  2194  bnd    0  1.0D+00  2.5D-01  1.465D+00  1.363D+03
  507  515     1  2193  bnd    0  1.0D+00  1.9D-01  1.480D+00  1.362D+03
  508  516     1  2194  bnd    0  1.0D+00  1.6D-01  1.253D+00  1.362D+03
  509  517     1  2196  bnd    0  1.0D+00  2.7D-01  1.353D+00  1.362D+03
  510  518     1  2202  bnd    0  1.0D+00  1.9D-01  1.355D+00  1.362D+03
  511  519     1  2203  bnd    0  1.0D+00  2.4D-02  1.355D+00  1.361D+03
  512  520     1  2203  bnd    0  1.0D+00  1.0D-01  1.354D+00  1.361D+03
  513  521     2  2206  bnd    0  1.0D+00  1.7D-01  1.506D+00  1.361D+03
  514  522     2  2208  bnd    0  1.0D+00  3.1D-01  1.529D+00  1.361D+03
  515  523     2  2208  bnd    0  1.0D+00  2.2D-01  1.500D+00  1.360D+03
  516  524     1  2211  bnd    0  1.0D+00  2.5D-01  1.637D+00  1.360D+03
  517  525     1  2212  bnd    0  1.0D+00  2.2D-01  1.565D+00  1.360D+03
  518  526     1  2210  bnd    0  1.0D+00  2.7D-01  1.372D+00  1.359D+03
  519  527     1  2212  bnd    0  1.0D+00  1.3D-02  1.370D+00  1.359D+03
  520  528     1  2215  bnd    0  1.0D+00  6.0D-02  1.341D+00  1.359D+03
  521  529     1  2216  bnd    0  1.0D+00  6.5D-02  1.339D+00  1.359D+03
  522  530     1  2216  bnd    0  1.0D+00  2.6D-01  1.222D+00  1.359D+03
  523  531     1  2215  bnd    0  1.0D+00  1.7D-01  1.268D+00  1.359D+03
  524  532     1  2215  bnd    0  1.0D+00  8.9D-02  1.276D+00  1.358D+03
  525  533     1  2214  bnd    0  1.0D+00  1.2D-01  1.334D+00  1.358D+03
  526  534     1  2213  bnd    0  1.0D+00  2.0D-01  1.416D+00  1.358D+03
  527  535     1  2216  bnd    0  1.0D+00  2.1D-01  1.588D+00  1.358D+03
  528  536     1  2214  bnd    0  1.0D+00  2.1D-01  1.919D+00  1.358D+03
  529  537     2  2214  bnd    0  1.0D+00  2.4D-01  1.786D+00  1.357D+03
  530  538     1  2219  con    0  1.0D+00  2.2D-01  1.317D+00  1.357D+03
  531  539     2  2217  bnd    0  1.0D+00  8.3D-02  1.255D+00  1.357D+03
  532  540     1  2218  bnd    0  1.0D+00  1.6D-01  1.037D+00  1.357D+03
  533  541     2  2220  bnd    0  1.0D+00  1.9D-01  1.141D+00  1.357D+03
  534  542     1  2220  bnd    0  1.0D+00  3.5D-01  1.188D+00  1.356D+03
  535  543     1  2224  bnd    0  1.0D+00  2.0D-01  1.107D+00  1.356D+03
  536  544     2  2229  bnd    0  1.0D+00  1.5D-01  1.189D+00  1.356D+03
  537  545     1  2230  bnd    0  1.0D+00  2.7D-01  1.094D+00  1.356D+03
  538  546     1  2231  bnd    0  1.0D+00  3.5D-01  1.209D+00  1.356D+03
  539  547     1  2234  bnd    0  1.0D+00  1.0D-01  1.278D+00  1.356D+03
  540  548     1  2234  bnd    0  1.0D+00  4.2D-02  1.049D+00  1.356D+03
  541  549     1  2235  bnd    0  1.0D+00  1.1D-01  7.907D-01  1.355D+03
  542  550     2  2233  bnd    0  1.0D+00  2.4D-01  8.797D-01  1.355D+03
  543  551     2  2235  bnd    0  1.0D+00  3.9D-01  1.665D+00  1.355D+03
  544  552     1  2243  bnd    0  1.0D+00  9.6D-02  1.775D+00  1.355D+03
  545  553     1  2245  bnd    0  1.0D+00  1.5D-01  1.799D+00  1.355D+03
  546  554     2  2248  bnd    0  1.0D+00  1.6D-01  1.397D+00  1.354D+03
  547  555     1  2249  bnd    0  1.0D+00  3.6D-02  1.204D+00  1.354D+03
  548  556     1  2248  bnd    0  1.0D+00  2.4D-02  1.153D+00  1.354D+03
  549  557     1  2248  bnd    0  1.0D+00  7.1D-02  1.224D+00  1.354D+03
  550  558     1  2247  bnd    0  1.0D+00  1.5D-01  1.215D+00  1.354D+03
  551  559     1  2249  bnd    0  1.0D+00  1.4D-01  1.096D+00  1.354D+03
  552  560     2  2251  bnd    0  1.0D+00  1.6D-01  1.058D+00  1.354D+03
  553  561     1  2253  bnd    0  1.0D+00  1.1D-01  1.303D+00  1.354D+03
  554  562     2  2258  bnd    0  1.0D+00  1.7D-01  1.422D+00  1.353D+03
  555  563     1  2259  bnd    0  1.0D+00  9.3D-02  1.199D+00  1.353D+03
  556  564     1  2258  bnd    0  1.0D+00  9.6D-02  1.038D+00  1.353D+03
  557  565     2  2259  bnd    0  1.0D+00  1.5D-01  8.931D-01  1.353D+03
  558  566     1  2261  bnd    0  1.0D+00  1.8D-01  1.260D+00  1.353D+03
  559  567     1  2261  bnd    0  1.0D+00  1.3D-01  1.477D+00  1.352D+03
  560  568     1  2261  bnd    0  1.0D+00  1.4D-01  1.405D+00  1.352D+03
  561  569     2  2261  con    0  1.0D+00  1.6D-01  1.065D+00  1.352D+03
  562  570     1  2260  bnd    0  1.0D+00  1.7D-01  1.094D+00  1.352D+03
  563  571     1  2258  bnd    0  1.0D+00  2.0D-01  1.015D+00  1.352D+03
  564  572     2  2260  bnd    0  1.0D+00  2.0D-01  1.142D+00  1.352D+03
  565  573     1  2262  bnd    0  1.0D+00  7.9D-02  1.081D+00  1.351D+03
  566  574     1  2263  bnd    0  1.0D+00  5.9D-02  9.957D-01  1.351D+03
  567  575     2  2262  bnd    0  1.0D+00  1.1D-01  1.116D+00  1.351D+03
  568  576     1  2262  bnd    0  1.0D+00  2.2D-01  1.336D+00  1.351D+03
  569  577     1  2256  bnd    0  1.0D+00  1.8D-01  1.377D+00  1.351D+03
  570  578     1  2257  bnd    0  1.0D+00  7.5D-02  1.271D+00  1.351D+03
  571  579     2  2257  con    0  1.0D+00  9.4D-02  9.769D-01  1.350D+03
  572  580     1  2255  bnd    0  1.0D+00  8.9D-02  8.589D-01  1.350D+03
  573  581     1  2255  bnd    0  1.0D+00  1.5D-01  1.210D+00  1.350D+03
  574  582     2  2257  bnd    0  1.0D+00  1.7D-01  1.372D+00  1.350D+03
  575  583     1  2255  bnd    0  1.0D+00  1.2D-01  1.183D+00  1.350D+03
  576  584     1  2257  bnd    0  1.0D+00  9.2D-02  1.057D+00  1.350D+03
  577  585     1  2254  bnd    0  1.0D+00  1.1D-01  8.574D-01  1.349D+03
  578  586     1  2255  bnd    0  1.0D+00  2.0D-01  1.001D+00  1.349D+03
  579  587     2  2257  bnd    0  1.0D+00  1.6D-01  1.117D+00  1.349D+03
  580  588     2  2258  bnd    0  1.0D+00  1.7D-01  1.112D+00  1.349D+03
  581  589     1  2262  con    0  1.0D+00  1.2D-01  1.050D+00  1.349D+03
  582  590     1  2262  bnd    0  1.0D+00  1.3D-01  1.053D+00  1.349D+03
  583  591     1  2261  bnd    0  1.0D+00  1.5D-01  8.961D-01  1.348D+03
  584  592     1  2263  bnd    0  1.0D+00  1.4D-01  7.439D-01  1.348D+03
  585  593     1  2263  bnd    0  1.0D+00  1.3D-01  7.195D-01  1.348D+03
  586  594     1  2268  bnd    0  1.0D+00  1.5D-01  1.057D+00  1.348D+03
  587  595     1  2268  con    0  1.0D+00  1.6D-01  1.320D+00  1.348D+03
  588  596     1  2267  bnd    0  1.0D+00  1.2D-01  1.388D+00  1.348D+03
  589  597     1  2271  bnd    0  1.0D+00  1.1D-01  1.298D+00  1.348D+03
  590  598     1  2272  bnd    0  1.0D+00  1.7D-01  1.037D+00  1.347D+03
  591  599     1  2273  bnd    0  1.0D+00  1.3D-01  9.419D-01  1.347D+03
  592  600     1  2273  bnd    0  1.0D+00  8.5D-02  9.968D-01  1.347D+03
  593  601     1  2273  bnd    0  1.0D+00  1.1D-01  1.019D+00  1.347D+03
  594  602     1  2273  bnd    0  1.0D+00  1.8D-01  9.308D-01  1.347D+03
  595  603     1  2272  bnd    0  1.0D+00  6.4D-02  8.782D-01  1.347D+03
  596  604     1  2271  bnd    0  1.0D+00  6.0D-02  8.140D-01  1.347D+03
  597  605     1  2271  bnd    0  1.0D+00  6.6D-02  9.562D-01  1.347D+03
  598  606     1  2271  bnd    0  1.0D+00  1.6D-01  9.726D-01  1.346D+03
  599  607     3  2275  con    0  1.0D+00  1.5D-01  8.803D-01  1.346D+03
  600  608     1  2273  bnd    0  1.0D+00  2.9D-02  9.067D-01  1.346D+03
  601  609     1  2274  bnd    0  1.0D+00  1.4D-02  8.603D-01  1.346D+03
  602  610     1  2275  bnd    0  1.0D+00  3.3D-02  7.973D-01  1.346D+03
  603  611     1  2275  con    0  1.0D+00  8.4D-02  6.948D-01  1.346D+03
  604  612     1  2274  bnd    0  1.0D+00  1.3D-01  7.742D-01  1.346D+03
  605  613     1  2274  bnd    0  1.0D+00  4.3D-02  8.365D-01  1.346D+03
  606  614     1  2275  con    0  1.0D+00  1.7D-02  8.098D-01  1.346D+03
  607  615     1  2275  con    0  1.0D+00  7.1D-02  1.037D+00  1.346D+03
  608  616     1  2274  bnd    0  1.0D+00  8.0D-02  1.037D+00  1.346D+03
  609  617     2  2275  bnd    0  1.0D+00  1.3D-01  8.962D-01  1.346D+03
  610  618     1  2276  bnd    0  1.0D+00  1.7D-01  1.100D+00  1.345D+03
  611  619     1  2276  bnd    0  1.0D+00  8.8D-02  1.055D+00  1.345D+03
  612  620     1  2274  bnd    0  1.0D+00  7.7D-02  9.744D-01  1.345D+03
  613  621     1  2275  bnd    0  1.0D+00  7.3D-02  9.895D-01  1.345D+03
  614  622     1  2274  bnd    0  1.0D+00  1.3D-01  9.843D-01  1.345D+03
  615  623     1  2273  bnd    0  1.0D+00  1.9D-01  1.012D+00  1.345D+03
  616  624     1  2274  bnd    0  1.0D+00  9.9D-02  1.068D+00  1.345D+03
  617  625     1  2273  bnd    0  1.0D+00  1.7D-01  9.846D-01  1.345D+03
  618  626     1  2275  bnd    0  1.0D+00  1.2D-01  1.010D+00  1.345D+03
  619  627     1  2276  bnd    0  1.0D+00  2.1D-01  1.017D+00  1.344D+03
  620  628     1  2278  bnd    0  1.0D+00  2.5D-01  1.001D+00  1.344D+03
  621  629     1  2276  bnd    0  1.0D+00  1.2D-01  9.624D-01  1.344D+03
  622  630     2  2277  bnd    0  1.0D+00  2.0D-01  8.110D-01  1.344D+03
  623  631     1  2277  bnd    0  1.0D+00  1.3D-01  8.216D-01  1.344D+03
  624  632     1  2280  bnd    0  1.0D+00  1.7D-01  1.038D+00  1.344D+03
  625  633     1  2279  bnd    0  1.0D+00  2.5D-01  9.943D-01  1.344D+03
  626  634     1  2279  bnd    0  1.0D+00  2.0D-01  9.141D-01  1.343D+03
  627  635     1  2278  bnd    0  1.0D+00  1.1D-01  9.176D-01  1.343D+03
  628  636     1  2278  con    0  1.0D+00  1.4D-01  1.033D+00  1.343D+03
  629  637     1  2277  bnd    0  1.0D+00  2.2D-01  1.080D+00  1.343D+03
  630  638     1  2273  bnd    0  1.0D+00  1.7D-01  1.180D+00  1.343D+03
  631  639     1  2274  bnd    0  1.0D+00  1.0D-01  1.026D+00  1.343D+03
  632  640     1  2274  bnd    0  1.0D+00  1.6D-01  1.038D+00  1.343D+03
  633  641     1  2274  bnd    0  1.0D+00  3.0D-01  1.165D+00  1.343D+03
  634  642     1  2276  bnd    0  1.0D+00  6.8D-02  1.217D+00  1.342D+03
  635  643     1  2277  con    0  1.0D+00  1.3D-02  1.081D+00  1.342D+03
  636  644     1  2276  con    0  1.0D+00  1.2D-01  8.095D-01  1.342D+03
  637  645     1  2275  bnd    0  1.0D+00  2.2D-01  7.481D-01  1.342D+03
  638  646     1  2276  bnd    0  1.0D+00  2.2D-01  8.436D-01  1.342D+03
  639  647     2  2277  bnd    0  1.0D+00  4.4D-02  7.989D-01  1.342D+03
  640  648     1  2278  con    0  1.0D+00  2.9D-02  8.841D-01  1.342D+03
  641  649     1  2277  bnd    0  1.0D+00  6.2D-02  1.038D+00  1.342D+03
  642  650     1  2277  bnd    0  1.0D+00  1.2D-01  1.039D+00  1.342D+03
  643  651     1  2277  bnd    0  1.0D+00  2.1D-01  8.956D-01  1.341D+03
  644  652     1  2278  bnd    0  1.0D+00  7.5D-02  1.015D+00  1.341D+03
  645  653     1  2278  con    0  1.0D+00  3.1D-02  9.482D-01  1.341D+03
  646  654     1  2278  bnd    0  1.0D+00  4.0D-02  9.037D-01  1.341D+03
  647  655     1  2278  bnd    0  1.0D+00  1.5D-01  8.813D-01  1.341D+03
  648  656     1  2278  bnd    0  1.0D+00  1.6D-01  8.136D-01  1.341D+03
  649  657     1  2277  bnd    0  1.0D+00  2.1D-01  1.180D+00  1.341D+03
  650  658     1  2278  bnd    0  1.0D+00  2.2D-01  1.433D+00  1.341D+03
  651  659     1  2277  bnd    0  1.0D+00  1.0D-01  1.506D+00  1.341D+03
  652  660     1  2278  bnd    0  1.0D+00  1.4D-01  1.480D+00  1.340D+03
  653  661     1  2273  bnd    0  1.0D+00  9.5D-02  1.361D+00  1.340D+03
  654  662     1  2275  con    0  1.0D+00  2.4D-01  1.004D+00  1.340D+03
  655  663     1  2272  bnd    0  1.0D+00  1.8D-01  1.094D+00  1.340D+03
  656  664     1  2269  bnd    0  1.0D+00  1.3D-01  1.120D+00  1.340D+03
  657  665     1  2269  bnd    0  1.0D+00  2.2D-01  1.058D+00  1.340D+03
  658  666     1  2268  con    0  1.0D+00  2.3D-01  9.384D-01  1.340D+03
  659  667     1  2266  bnd    0  1.0D+00  8.3D-02  1.038D+00  1.339D+03
  660  668     2  2267  bnd    0  1.0D+00  1.5D-01  1.038D+00  1.339D+03
  661  669     1  2267  bnd    0  1.0D+00  2.8D-02  1.038D+00  1.339D+03
  662  670     1  2268  bnd    0  1.0D+00  1.4D-01  8.359D-01  1.339D+03
  663  671     1  2268  con    0  1.0D+00  1.2D-01  8.659D-01  1.339D+03
  664  672     1  2266  con    0  1.0D+00  2.1D-01  1.027D+00  1.339D+03
  665  673     2  2267  bnd    0  1.0D+00  1.7D-01  1.030D+00  1.339D+03
  666  674     1  2267  bnd    0  1.0D+00  1.3D-01  1.045D+00  1.339D+03
  667  675     2  2267  bnd    0  1.0D+00  2.1D-01  1.047D+00  1.338D+03
  668  676     1  2264  bnd    0  1.0D+00  8.3D-02  1.047D+00  1.338D+03
  669  677     1  2264  bnd    0  1.0D+00  2.8D-02  1.045D+00  1.338D+03
  670  678     1  2264  bnd    0  1.0D+00  1.1D-01  8.887D-01  1.338D+03
  671  679     1  2266  con    0  1.0D+00  1.5D-01  1.090D+00  1.338D+03
  672  680     1  2265  bnd    0  1.0D+00  2.2D-01  1.549D+00  1.338D+03
  673  681     1  2264  bnd    0  1.0D+00  2.2D-01  1.809D+00  1.338D+03
  674  682     1  2266  bnd    0  1.0D+00  1.9D-01  1.809D+00  1.338D+03
  675  683     1  2265  bnd    0  1.0D+00  2.4D-01  1.541D+00  1.337D+03
  676  684     1  2264  bnd    0  1.0D+00  3.1D-01  1.533D+00  1.337D+03
  677  685     1  2261  bnd    0  1.0D+00  8.6D-02  1.629D+00  1.337D+03
  678  686     1  2262  bnd    0  1.0D+00  9.2D-02  1.357D+00  1.337D+03
  679  687     1  2260  con    0  1.0D+00  8.7D-02  1.035D+00  1.337D+03
  680  688     1  2258  bnd    0  1.0D+00  2.7D-01  9.829D-01  1.337D+03
  681  689     1  2255  bnd    0  1.0D+00  3.0D-01  8.785D-01  1.337D+03
  682  690     1  2255  bnd    0  1.0D+00  2.2D-01  8.215D-01  1.336D+03
  683  691     2  2256  bnd    0  1.0D+00  1.3D-01  8.226D-01  1.336D+03
  684  692     1  2255  bnd    0  1.0D+00  1.4D-01  1.038D+00  1.336D+03
  685  693     1  2255  bnd    0  1.0D+00  2.5D-01  1.039D+00  1.336D+03
  686  694     1  2251  bnd    0  1.0D+00  2.2D-01  1.441D+00  1.336D+03
  687  695     2  2251  con    0  1.0D+00  2.8D-01  1.404D+00  1.336D+03
  688  696     2  2251  bnd    0  1.0D+00  1.6D-01  1.405D+00  1.336D+03
  689  697     1  2253  bnd    0  1.0D+00  6.6D-02  1.256D+00  1.336D+03
  690  698     1  2254  con    0  1.0D+00  1.6D-01  1.168D+00  1.335D+03
  691  699     1  2254  con    0  1.0D+00  2.6D-01  1.230D+00  1.335D+03
  692  700     1  2252  bnd    0  1.0D+00  2.5D-01  1.043D+00  1.335D+03
  693  701     1  2249  bnd    0  1.0D+00  2.0D-01  1.130D+00  1.335D+03
  694  702     1  2248  bnd    0  1.0D+00  1.2D-01  1.207D+00  1.335D+03
  695  703     1  2249  bnd    0  1.0D+00  1.6D-01  1.250D+00  1.335D+03
  696  704     1  2248  bnd    0  1.0D+00  2.2D-01  1.276D+00  1.335D+03
  697  705     1  2248  con    0  1.0D+00  1.1D-01  1.273D+00  1.335D+03
  698  706     1  2247  bnd    0  1.0D+00  6.6D-02  1.158D+00  1.334D+03
  699  707     2  2247  bnd    0  1.0D+00  1.0D-01  8.740D-01  1.334D+03
  700  708     1  2247  bnd    0  1.0D+00  1.9D-01  7.597D-01  1.334D+03
  701  709     1  2247  bnd    0  1.0D+00  2.1D-01  1.160D+00  1.334D+03
  702  710     1  2245  bnd    0  1.0D+00  9.6D-02  1.208D+00  1.334D+03
  703  711     1  2244  bnd    0  1.0D+00  1.1D-02  1.112D+00  1.334D+03
  704  712     1  2245  con    0  1.0D+00  7.1D-02  1.073D+00  1.334D+03
  705  713     1  2245  con    0  1.0D+00  1.1D-01  1.038D+00  1.334D+03
  706  714     1  2243  bnd    0  1.0D+00  1.9D-01  8.953D-01  1.334D+03
  707  715     1  2240  bnd    0  1.0D+00  2.4D-01  8.972D-01  1.333D+03
  708  716     1  2238  bnd    0  1.0D+00  3.1D-01  1.139D+00  1.333D+03
  709  717     1  2236  bnd    0  1.0D+00  8.9D-02  1.118D+00  1.333D+03
  710  718     1  2236  bnd    0  1.0D+00  1.9D-01  1.085D+00  1.333D+03
  711  719     1  2233  bnd    0  1.0D+00  2.1D-01  1.050D+00  1.333D+03
  712  720     1  2230  bnd    0  1.0D+00  3.2D-01  1.037D+00  1.333D+03
  713  721     1  2230  bnd    0  1.0D+00  1.4D-01  1.002D+00  1.333D+03
  714  722     1  2230  bnd    0  1.0D+00  6.9D-02  9.885D-01  1.333D+03
  715  723     1  2231  bnd    0  1.0D+00  1.3D-01  9.691D-01  1.333D+03
  716  724     1  2229  bnd    0  1.0D+00  2.9D-01  1.044D+00  1.332D+03
  717  725     1  2229  bnd    0  1.0D+00  2.6D-01  1.168D+00  1.332D+03
  718  726     1  2223  bnd    0  1.0D+00  1.5D-01  1.201D+00  1.332D+03
  719  727     1  2222  bnd    0  1.0D+00  1.4D-01  1.100D+00  1.332D+03
  720  728     1  2222  bnd    0  1.0D+00  1.0D-01  1.039D+00  1.332D+03
  721  729     1  2223  bnd    0  1.0D+00  1.6D-01  1.038D+00  1.332D+03
  722  730     1  2222  bnd    0  1.0D+00  2.2D-01  7.754D-01  1.332D+03
  723  731     1  2220  bnd    0  1.0D+00  1.9D-01  8.168D-01  1.332D+03
  724  732     1  2221  con    0  1.0D+00  1.3D-01  8.458D-01  1.332D+03
  725  733     1  2220  bnd    0  1.0D+00  1.9D-01  8.808D-01  1.331D+03
  726  734     2  2219  bnd    0  1.0D+00  3.0D-01  7.754D-01  1.331D+03
  727  735     1  2215  bnd    0  1.0D+00  1.4D-01  8.514D-01  1.331D+03
  728  736     2  2213  bnd    0  1.0D+00  8.3D-02  1.038D+00  1.331D+03
  729  737     1  2215  bnd    0  1.0D+00  9.5D-02  1.038D+00  1.331D+03
  730  738     1  2217  bnd    0  1.0D+00  1.7D-01  1.083D+00  1.331D+03
  731  739     1  2217  bnd    0  1.0D+00  3.1D-01  1.452D+00  1.331D+03
  732  740     2  2216  bnd    0  1.0D+00  9.4D-02  1.597D+00  1.331D+03
  733  741     1  2216  con    0  1.0D+00  3.7D-02  1.574D+00  1.331D+03
  734  742     2  2217  con    0  1.0D+00  8.5D-02  1.522D+00  1.331D+03
  735  743     1  2215  bnd    0  1.0D+00  1.9D-01  1.389D+00  1.330D+03
  736  744     1  2213  bnd    0  1.0D+00  3.1D-01  1.084D+00  1.330D+03
  737  745     1  2211  bnd    0  1.0D+00  2.0D-01  1.051D+00  1.330D+03
  738  746     1  2210  bnd    0  1.0D+00  1.3D-01  1.037D+00  1.330D+03
  739  747     1  2210  con    0  1.0D+00  1.0D-01  1.016D+00  1.330D+03
  740  748     2  2211  con    0  1.0D+00  1.4D-01  8.229D-01  1.330D+03
  741  749     1  2211  bnd    0  1.0D+00  2.0D-01  7.214D-01  1.330D+03
  742  750     2  2211  bnd    0  1.0D+00  1.6D-01  7.099D-01  1.330D+03
  743  751     1  2209  bnd    0  1.0D+00  1.2D-01  7.104D-01  1.330D+03
  744  752     1  2209  bnd    0  1.0D+00  1.7D-01  7.097D-01  1.329D+03
  745  753     2  2210  bnd    0  1.0D+00  2.5D-01  8.510D-01  1.329D+03
  746  754     1  2207  bnd    0  1.0D+00  2.1D-01  1.038D+00  1.329D+03
  747  755     1  2208  bnd    0  1.0D+00  1.2D-01  1.037D+00  1.329D+03
  748  756     1  2208  bnd    0  1.0D+00  1.7D-01  8.276D-01  1.329D+03
  749  757     1  2207  con    0  1.0D+00  1.6D-01  7.071D-01  1.329D+03
  750  758     1  2206  bnd    0  1.0D+00  1.1D-01  6.664D-01  1.329D+03
  751  759     1  2204  bnd    0  1.0D+00  1.8D-01  7.594D-01  1.329D+03
  752  760     1  2203  bnd    0  1.0D+00  1.7D-01  8.535D-01  1.329D+03
  753  761     1  2202  bnd    0  1.0D+00  2.6D-02  8.516D-01  1.329D+03
  754  762     1  2202  bnd    0  1.0D+00  2.1D-02  8.975D-01  1.329D+03
  755  763     2  2203  bnd    0  1.0D+00  5.0D-02  1.103D+00  1.329D+03
  756  764     1  2203  bnd    0  1.0D+00  7.0D-02  1.313D+00  1.328D+03
  757  765     1  2204  bnd    0  1.0D+00  1.5D-01  1.469D+00  1.328D+03
  758  766     1  2203  bnd    0  1.0D+00  1.6D-01  1.607D+00  1.328D+03
  759  767     1  2203  bnd    0  1.0D+00  4.6D-02  1.403D+00  1.328D+03
  760  768     1  2202  bnd    0  1.0D+00  6.0D-02  1.030D+00  1.328D+03
  761  769     1  2199  bnd    0  1.0D+00  8.1D-02  8.692D-01  1.328D+03
  762  770     1  2197  bnd    0  1.0D+00  1.7D-01  7.285D-01  1.328D+03
  763  771     1  2199  bnd    0  1.0D+00  9.2D-02  9.627D-01  1.328D+03
  764  772     2  2201  bnd    0  1.0D+00  7.8D-02  1.038D+00  1.328D+03
  765  773     1  2201  bnd    0  1.0D+00  8.9D-02  9.288D-01  1.328D+03
  766  774     2  2203  bnd    0  1.0D+00  1.4D-01  8.215D-01  1.328D+03
  767  775     1  2202  bnd    0  1.0D+00  2.2D-01  8.218D-01  1.328D+03
  768  776     1  2202  con    0  1.0D+00  4.0D-02  7.814D-01  1.328D+03
  769  777     1  2200  con    0  1.0D+00  3.8D-02  5.933D-01  1.327D+03
  770  778     1  2198  bnd    0  1.0D+00  6.2D-02  6.497D-01  1.327D+03
  771  779     1  2198  bnd    0  1.0D+00  1.6D-01  7.270D-01  1.327D+03
  772  780     1  2196  bnd    0  1.0D+00  2.9D-01  1.017D+00  1.327D+03
  773  781     1  2199  bnd    0  1.0D+00  2.0D-02  1.091D+00  1.327D+03
  774  782     1  2198  bnd    0  1.0D+00  1.4D-02  9.549D-01  1.327D+03
  775  783     1  2198  con    0  1.0D+00  7.9D-02  8.500D-01  1.327D+03
  776  784     2  2198  bnd    0  1.0D+00  1.2D-01  7.405D-01  1.327D+03
  777  785     1  2197  bnd    0  1.0D+00  2.3D-01  7.095D-01  1.327D+03
  778  786     2  2199  con    0  1.0D+00  1.7D-01  8.290D-01  1.327D+03
  779  787     1  2197  bnd    0  1.0D+00  7.5D-02  8.334D-01  1.327D+03
  780  788     1  2196  bnd    0  1.0D+00  1.0D-01  8.137D-01  1.327D+03
  781  789     1  2197  bnd    0  1.0D+00  1.6D-01  8.117D-01  1.327D+03
  782  790     1  2196  bnd    0  1.0D+00  2.0D-01  1.037D+00  1.327D+03
  783  791     1  2195  bnd    0  1.0D+00  1.3D-01  8.412D-01  1.326D+03
  784  792     1  2195  bnd    0  1.0D+00  1.8D-01  8.522D-01  1.326D+03
  785  793     1  2194  bnd    0  1.0D+00  1.0D-01  8.303D-01  1.326D+03
  786  794     1  2194  bnd    0  1.0D+00  1.7D-01  1.016D+00  1.326D+03
  787  795     2  2194  bnd    0  1.0D+00  1.7D-01  1.074D+00  1.326D+03
  788  796     1  2195  bnd    0  1.0D+00  1.6D-01  8.990D-01  1.326D+03
  789  797     1  2196  bnd    0  1.0D+00  1.1D-01  8.011D-01  1.326D+03
  790  798     1  2195  con    0  1.0D+00  7.1D-02  1.037D+00  1.326D+03
  791  799     1  2195  con    0  1.0D+00  8.1D-02  1.004D+00  1.326D+03
  792  800     1  2195  con    0  1.0D+00  1.1D-01  8.237D-01  1.326D+03
